264
233
440
 79
 17
254
174
202
145
368
 44
308
 16
 25
320
228
350
430
309
139
373
 22
157
435
104
313
  1
304
 85
 62
 29
415
 55
496
357
193
116
195
148
353
224
469
450
389
473
358
297
 41
164
493
239
196
208
 72
476
287
474
165
 18
 82
413
255
410
491
105
  2
322
136
455
 94
405
229
112
238
303
189
154
 93
354
142
 24
270
182
231
131
169
123
444
 51
 66
210
 75
252
122
 47
 43
213
 53
251
302
211
 48
119
433
411
392
301
 83
247
216
245
 27
404
 77
 97
 21
446
286
199
348
417
162
459
 46
452
221
253
472
 57
  5
391
 20
 70
293
160
288
120
298
328
333
161
141
124
283
489
342
488
422
170
344
207
113
217
318
 63
482
279
186
465
319
118
 73
390
453
102
486
464
 76
106
380
327
 35
130
 89
222
 28
428
285
271
 14
 59
128
478
311
439
282
336
203
 84
125
295
115
310
 81
 71
408
414
  4
356
 19
 98
330
466
256
300
236
138
306
103
378
360
265
172
237
329
382
427
227
273
110
399
470
108
339
499
424
345
 65
152
461
369
334
 64
 33
144
243
240
185
480
242
396
457
107
498
257
347
398
155
135
176
 87
 49
258
367
206
 80
 39
194
 60
412
276
129
381
246
 45
  8
401
234
178
126
187
 88
400
487
284
370
402
337
292
481
385
159
436
314
363
153
218
197
361
 26
 12
149
100
 61
244
249
263
191
225
500
451
 78
371
490
109
 69
190
232
269
447
312
 13
494
267
241
 92
  7
495
346
355
262
315
 34
425
458
467
248
168
423
 56
 32
317
395
 67
134
359
326
 36
281
230
375
259
492
366
462
132
188
181
  9
175
163
  3
204
137
274
388
 23
266
484
 40
219
 30
393
171
158
316
205
445
419
114
 11
449
 91
352
485
394
117
468
429
198
280
290
441
341
374
351
151
147
184
143
 15
362
277
294
407
443
121
307
 90
179
101
377
260
338
250
 86
454
 42
456
150
325
426
406
291
296
220
275
483
332
331
 54
305
438
335
372
173
180
321
209
365
192
289
432
349
167
226
  6
384
448
397
235
497
343
 38
475
146
177
215
364
156
 95
421
 10
 99
 31
200
272
212
323
416
201
 58
268
376
223
127
477
 52
324
437
214
261
434
383
386
 37
431
387
133
 74
 68
 50
463
140
442
340
379
111
183
278
403
409
418
471
166
420
 96
479
299
460